3
3.28 2.9 2.15 7.03
1.25 4.21 2.23 -1.08
4.65 1.88 4.97 24.8
3.45 4.61 0.99 -3.26
2.29 0.79 3.65 18.49
2.32 4.11 4.1 9.14
4.25 3.18 2.57 10.12
4.08 1.91 3.61 18.55
2.56 1.69 1.4 6.15
2.86 3.28 3.1 8.3
2.33 3.44 3.29 8.11
3.36 1.39 1.78 10.78
4.62 4.09 1.91 4.74
3.25 2.44 4.06 16.56
3.99 3.0 3.41 13.65
1.46 4.89 2.88 -0.57
3.99 0.73 2.73 18.63
2.55 4.54 4.12 8.0
3.88 3.78 2.09 4.87
3.06 1.66 0.8 4.8
0.77 1.27 4.19 15.88
4.79 4.25 4.45 14.95
2.42 3.23 4.47 14.24
2.43 3.83 1.2 -1.87
2.06 0.81 2.09 11.74
3.2 3.73 1.36 0.54
3.26 2.99 1.22 2.89
4.29 2.27 1.38 8.19
3.31 2.38 1.22 4.88
3.64 1.95 0.64 4.74
3.39 1.88 4.74 21.65
4.01 4.43 1.51 0.16
2.48 2.21 3.36 12.48
4.19 3.93 1.57 3.03
0.89 3.62 2.04 -0.48
1.74 2.87 3.17 8.14
1.13 4.36 2.77 0.01
3.38 1.01 1.59 10.96
4.06 1.46 2.91 17.16
3.11 0.96 4.35 23.08
2.78 3.16 3.4 10.42
2.73 0.57 1.17 10.36
4.62 3.42 3.27 12.93
3.81 0.59 4.06 23.77
3.88 3.42 3.7 13.13
2.57 4.12 3.53 7.3
0.61 2.42 4.06 10.9
1.26 3.73 4.58 10.33
4.36 1.21 1.39 11.4
2.98 4.6 3.1 4.13
4.61 0.76 1.52 14.73
1.98 2.98 2.63 5.77
0.83 4.32 3.48 2.52
3.11 0.62 4.72 25.55
4.78 0.77 2.98 20.5
3.43 2.29 1.75 7.76
1.79 3.6 0.53 -4.94
1.85 2.17 3.95 14.02
3.9 0.75 3.92 22.69
3.93 4.1 3.3 8.77
1.28 2.74 3.54 9.02
0.83 1.35 4.85 18.94
4.03 1.21 1.5 11.73
0.86 1.51 1.34 3.08
4.82 2.85 3.9 17.15
4.66 1.95 0.73 7.27
2.71 4.22 1.97 0.7
3.13 1.99 3.64 15.69
2.92 3.64 0.78 -1.93
2.29 0.67 2.3 13.88
0.68 3.27 2.45 1.66
4.96 3.19 3.27 14.05
4.8 0.9 4.92 28.79
3.97 3.85 0.65 -1.66
1.53 3.29 1.24 -2.05
4.2 2.24 2.02 10.42
1.47 4.21 4.45 8.16
2.93 0.89 4.68 23.89
1.18 0.99 1.42 6.76
3.67 1.23 0.7 6.98
1.57 2.08 1.89 5.45
3.79 2.4 2.86 13.12
3.79 2.32 1.4 6.53
4.25 3.71 4.74 16.95
3.48 0.76 4.64 24.89
3.0 1.79 4.44 20.3
1.65 1.94 3.6 13.27
2.93 3.15 2.91 8.09
1.95 4.25 4.71 10.24
4.49 3.4 3.05 11.06
2.19 2.83 0.59 -1.97
1.35 3.63 2.23 0.67
4.07 2.7 3.26 13.79
2.54 3.72 1.07 -2.07
2.25 0.84 1.99 11.17
3.05 3.71 1.63 1.06
1.34 2.07 2.36 6.86
3.45 2.77 3.65 14.47
3.51 2.98 3.99 14.65
2.23 2.25 2.81 10.15
0.96 4.71 1.55 -6.9
3.65 3.69 3.81 12.33
0.75 3.3 0.71 -5.11
3.27 3.08 4.43 16.14
3.28 2.05 1.84 8.82
4.72 4.63 4.84 14.96
3.93 3.71 0.64 -0.82
4.4 4.6 2.47 4.47
2.51 3.35 1.55 1.51
2.83 2.31 3.88 15.46
1.65 1.3 0.51 2.53
1.91 0.62 1.79 10.39
2.65 1.0 0.72 5.84
1.55 3.28 3.11 5.96
2.47 2.85 0.62 -0.76
1.91 2.58 3.19 9.77
4.26 3.32 4.13 16.17
3.36 2.94 2.66 9.33
1.74 3.09 4.48 13.01
1.89 2.28 2.6 8.72
2.87 2.46 1.15 3.64
4.96 3.27 2.05 8.93
3.98 4.71 1.52 -0.88
3.32 4.6 4.31 9.75
1.9 3.33 3.02 5.94
3.61 4.56 1.37 -1.2
3.13 2.35 4.99 20.87
4.42 4.77 0.66 -4.07
3.56 3.06 0.55 0.28
4.28 2.85 0.73 2.72
2.83 4.25 1.1 -2.6
2.92 4.9 1.72 -2.55
4.92 1.65 0.97 9.42
4.77 0.64 1.41 14.98
1.76 1.75 4.45 17.21
1.17 4.48 0.94 -8.25
3.75 1.7 0.84 6.71
4.84 2.34 2.43 13.13
4.52 4.42 1.74 2.19
4.42 1.69 4.6 23.62
3.29 4.41 2.86 5.02
1.32 2.78 1.99 3.26
4.33 4.94 2.56 3.55
1.76 3.54 4.73 12.13
1.79 4.04 3.38 5.25
2.68 0.85 2.96 15.96
1.9 1.84 4.73 18.4
4.09 2.2 3.02 14.35
3.35 1.59 4.36 20.98
0.57 2.17 4.42 13.97
3.38 2.0 3.31 15.25
1.54 3.84 4.87 11.35
1.42 3.56 3.56 7.2
3.48 3.46 0.72 -0.49
3.54 0.61 2.83 18.6
4.49 3.72 3.33 11.04
4.66 2.79 4.88 21.55
3.72 4.64 3.0 5.21
1.55 1.61 4.73 18.87
4.94 1.34 2.71 18.45
4.38 3.7 1.0 1.58
2.28 0.66 1.74 10.98
4.11 3.53 3.84 13.47
3.3 2.83 2.52 8.62
2.33 3.72 2.22 2.43
0.81 4.6 1.7 -5.86
2.79 0.72 2.54 15.61
0.99 2.87 0.93 -2.25
3.31 2.64 3.98 16.06
4.55 3.61 2.53 8.42
1.96 1.78 2.97 11.48
1.52 4.07 0.64 -7.39
2.1 3.13 1.72 1.82
1.68 4.53 4.21 6.33
1.29 1.68 1.55 4.64
4.91 0.59 4.78 29.75
2.46 2.08 3.36 13.16
2.01 2.98 1.39 1.15
1.32 1.95 1.0 1.11
2.35 3.46 0.9 -1.64
1.93 0.66 1.6 10.01
1.46 4.63 3.55 3.01
1.6 1.5 4.65 19.1
3.84 1.87 4.06 20.01
1.96 0.89 0.67 4.68
2.35 2.5 3.37 11.74
2.8 1.0 3.33 17.96
2.14 1.24 2.52 11.98
3.69 0.54 0.51 9.46
1.55 4.16 3.23 3.98
0.64 1.12 3.91 14.87
1.17 4.33 4.39 7.06
2.34 2.11 4.51 17.33
4.03 4.52 1.1 -1.92
1.62 0.67 3.63 17.85
4.18 4.55 3.58 8.71
4.15 1.45 0.73 8.07
1.91 3.68 4.72 12.65
4.68 0.63 3.2 22.03
1.94 0.94 4.11 19.14
0.84 1.78 4.23 14.49
3.33 1.74 0.68 5.31
4.37 4.95 1.41 -0.82
3.6 1.02 3.32 19.49
1.67 1.66 1.31 4.72
3.71 4.26 1.41 -0.01
2.71 4.43 0.86 -5.37
2.46 0.74 2.9 15.58
2.15 0.52 4.53 22.57
3.13 2.25 1.52 6.2
3.43 1.67 2.91 14.56
2.58 1.29 4.45 21.09
1.15 2.5 1.52 1.92
2.96 1.03 0.65 6.78
1.12 4.42 4.11 5.59
2.79 1.02 1.52 9.84
3.88 4.71 3.8 9.09
2.21 1.33 4.38 19.84
3.19 1.15 2.16 13.22
1.46 1.4 1.11 4.42
3.44 4.72 2.44 1.68
4.83 4.65 1.57 1.64
1.74 2.32 1.46 3.35
1.5 4.8 4.98 8.33
3.95 0.8 1.44 12.97
3.35 2.57 4.35 17.0
3.21 4.67 1.73 -1.22
4.94 4.31 4.78 16.11
4.19 4.88 1.07 -2.69
4.31 3.1 3.83 15.52
3.75 2.72 4.12 17.08
2.09 1.69 3.18 12.89
3.54 4.6 2.77 4.45
3.3 3.68 3.25 8.76
1.12 0.81 3.43 14.92
1.58 4.14 3.1 3.11
2.11 1.27 3.2 14.42
3.93 1.89 1.85 10.37
4.31 0.67 4.81 27.54
3.81 4.1 1.79 2.03
1.66 1.47 3.56 14.72
2.9 1.88 4.84 21.24
4.74 0.98 4.97 28.32
2.81 2.25 3.92 15.66
4.48 3.87 3.56 11.41
2.08 1.47 3.52 15.25
1.09 4.57 4.35 6.12
1.22 2.35 3.01 8.85
4.99 3.97 2.65 8.69
1.3 2.89 4.85 14.0
2.06 2.12 1.74 5.97
4.06 1.86 0.89 7.3
0.88 1.94 4.24 13.86
3.88 1.94 2.98 15.23
4.13 3.32 2.48 8.46
1.29 1.49 3.67 13.85
4.08 0.52 4.95 28.17
1.06 1.36 0.7 2.29
3.04 2.04 3.23 14.12
4.43 1.15 1.12 10.65
1.58 0.97 3.26 14.95
0.9 1.53 1.59 4.54
4.26 3.71 2.25 6.18
1.14 4.67 0.53 -10.07
3.94 1.34 2.13 13.33
1.75 2.24 1.22 2.68
3.63 2.38 2.39 10.37
0.62 1.73 2.99 8.84
3.83 4.45 3.86 9.72
1.86 4.33 4.24 7.4
2.22 0.92 3.83 18.39
3.11 1.44 2.75 14.53
1.36 3.85 0.62 -7.02
0.79 2.48 2.74 6.25
4.33 0.55 1.68 15.43
4.21 4.72 4.08 10.61
3.67 3.03 1.07 2.79
0.68 2.49 1.64 0.84
1.21 1.34 1.82 6.46
1.25 4.78 2.9 -0.83
4.84 3.03 3.67 16.35
0.56 1.59 3.11 10.52
4.49 3.74 1.71 4.84
4.46 3.04 0.68 2.93
2.09 2.1 2.69 9.78
2.0 2.94 4.4 13.93
4.63 1.9 3.17 17.85
1.53 1.15 0.84 3.68
4.43 4.7 2.99 6.29
3.77 3.32 3.48 11.88
2.59 3.03 3.83 11.71
3.72 2.91 2.44 9.33
3.94 3.34 0.72 0.32
3.0 4.64 3.67 6.86
1.88 4.32 4.77 10.21
1.16 4.24 3.54 4.11
3.02 2.28 1.41 5.68
1.55 2.58 3.45 9.91
2.69 2.22 1.48 5.18
1.79 3.31 2.43 3.37
3.14 1.75 4.98 22.26
3.89 4.73 0.69 -4.64
3.36 1.45 1.52 9.38
4.48 3.57 4.75 17.88
2.45 1.89 1.03 3.64
2.46 4.68 4.73 10.36
0.92 2.79 4.31 12.13
4.05 2.68 0.91 3.73
0.58 0.94 1.05 3.55
4.79 4.21 3.34 10.13
2.11 3.79 1.75 -0.64
1.66 0.56 3.93 19.82
3.0 4.23 3.51 7.56
0.97 2.46 4.7 14.15
3.44 2.95 1.4 4.31
3.48 4.02 3.0 7.03
4.81 4.69 3.84 11.3
4.55 4.0 3.7 12.27
1.75 4.78 1.79 -3.97
3.8 4.71 4.73 12.65
4.2 1.74 2.31 13.98
4.89 4.85 2.49 4.6
1.04 4.02 1.72 -3.58
2.84 3.75 0.82 -2.29
2.7 4.82 2.14 -0.6
4.76 3.65 1.2 2.88
2.52 1.21 4.35 20.44
2.63 3.66 3.12 7.23
2.3 0.7 2.01 12.56
4.62 0.85 3.62 22.72
1.54 0.91 1.37 7.31
2.84 1.65 3.63 16.63
2.32 1.31 0.63 4.69
4.68 2.71 4.86 21.63
3.3 1.27 2.68 15.07
3.91 2.62 2.57 11.07
1.66 3.84 4.14 8.7
3.29 0.8 3.45 19.39
2.65 3.57 1.0 -1.65
3.04 4.09 2.9 5.21
1.32 0.79 4.52 20.11
2.67 2.52 1.05 2.86
3.8 3.01 4.74 18.63
4.52 4.0 4.02 13.64
2.6 1.95 4.87 20.39
2.32 4.23 3.49 6.13
4.62 4.37 4.07 12.99
0.61 2.81 2.72 4.31
3.41 0.54 1.41 11.93
2.51 1.05 4.2 20.14
1.33 1.57 3.2 12.37
2.01 4.17 4.11 8.23
1.91 2.39 3.1 10.09
4.63 0.52 4.4 27.9
1.14 3.83 3.34 4.89
3.22 2.24 3.94 16.72
4.75 2.16 4.16 20.45
0.53 1.44 2.93 10.09
2.97 3.57 1.93 3.06
1.91 1.66 1.56 5.63
4.68 4.85 1.15 -1.52
3.58 3.81 3.18 8.83
2.39 2.99 3.9 12.31
0.51 1.14 0.94 2.46
0.72 0.84 2.6 10.83
3.71 2.53 3.84 16.17
4.48 2.14 3.07 15.81
2.22 3.37 3.46 8.41
4.77 4.89 1.21 -1.11
0.56 4.02 2.4 -1.48
2.71 3.09 2.43 6.47
2.04 4.74 2.24 -1.76
4.57 4.55 1.16 -0.24
4.64 0.98 3.67 22.43
2.12 3.44 0.58 -3.43
2.27 0.82 3.69 18.41
4.33 3.04 2.72 10.86
4.27 1.09 3.92 22.43
2.42 3.94 0.78 -4.05
3.0 1.34 1.84 10.12
1.96 0.81 1.88 10.77
4.84 3.27 1.23 4.47
4.62 3.9 4.01 13.49
1.02 3.63 4.2 8.75
2.96 2.79 3.24 10.96
2.88 0.9 2.47 14.32
3.18 2.42 1.02 3.69
1.6 4.84 1.38 -6.29
2.42 0.61 4.93 25.14
4.61 3.18 3.69 14.77
4.68 3.17 3.6 14.64
3.23 0.71 3.49 19.68
2.19 2.41 0.52 -0.24
2.27 1.91 1.05 3.89
4.25 0.77 3.38 21.25
2.87 1.1 4.1 20.81
0.69 4.17 2.01 -3.25
0.91 1.9 1.75 4.2
1.95 0.97 1.33 7.6
0.86 1.75 3.94 13.36
1.38 2.44 4.76 16.12
2.48 2.72 2.38 7.38
2.88 4.07 0.8 -3.36
1.26 2.14 2.72 7.48
1.91 4.83 0.59 -9.05
4.86 3.64 1.63 5.78
1.89 1.01 0.74 5.23
1.82 1.83 2.19 8.01
4.27 0.7 2.67 19.08
3.84 4.42 3.01 6.19
1.57 1.98 4.1 14.91
0.98 4.97 1.12 -9.52
1.93 1.07 2.51 12.25
4.68 3.34 0.67 1.77
2.46 4.13 4.72 11.55
1.35 4.64 3.25 1.29
0.77 0.6 2.27 10.73
3.43 1.3 3.31 17.92
2.79 3.41 2.1 4.35
0.5 2.55 1.73 1.06
3.54 4.54 0.99 -3.03
0.89 4.18 3.04 1.76
1.61 3.15 0.77 -2.82
3.93 1.22 3.16 18.41
3.25 1.06 1.69 11.32
1.19 1.98 1.53 3.85
1.39 0.56 3.85 18.47
2.96 0.67 2.32 14.81
3.79 1.75 2.59 13.69
0.5 0.73 4.61 19.25
0.75 4.51 2.45 -2.44
0.79 4.44 1.19 -7.93
3.9 4.95 1.33 -2.0
1.75 4.51 2.42 -0.89
0.75 4.82 0.88 -10.3
1.81 0.68 2.13 11.32
0.79 2.13 3.67 10.83
4.31 3.47 1.53 3.98
4.55 0.79 1.8 15.73
3.05 1.98 1.98 8.84
0.56 0.93 1.93 7.45
4.46 3.48 4.71 18.38
3.68 3.5 4.15 14.22
3.53 2.22 3.31 14.34
0.82 2.28 3.0 8.19
4.98 1.87 3.52 19.3
4.7 4.44 4.71 15.45
1.6 3.82 1.53 -2.28
1.76 3.51 4.54 11.49
3.45 1.54 0.83 6.21
2.44 1.41 1.01 6.06
0.92 2.39 1.88 2.8
0.75 4.13 2.78 0.41
3.86 3.94 2.97 7.69
0.83 4.98 0.78 -11.04
1.82 2.94 2.07 3.78
4.76 4.73 1.86 2.65
2.37 1.62 3.17 13.41
3.8 4.78 2.21 1.95
3.3 2.07 1.4 7.13
2.96 1.57 0.75 5.01
1.61 3.47 4.01 9.77
0.72 3.7 1.64 -2.69
3.43 3.53 1.77 3.68
0.77 1.63 3.42 11.76
4.83 2.05 4.35 22.68
4.0 3.5 1.16 2.4
2.26 2.65 3.36 11.06
2.65 3.39 3.91 11.34
0.84 1.65 4.23 14.9
0.9 3.27 0.63 -5.28
1.89 0.72 1.98 10.64
2.52 1.08 3.96 19.49
0.93 4.39 1.81 -4.76
0.53 3.88 3.36 3.01
3.24 4.6 4.12 8.99
2.55 2.99 1.63 3.25
1.93 3.32 1.92 1.82
0.79 1.86 2.28 6.35
1.81 0.76 3.1 15.23
4.18 3.18 1.91 7.09
1.84 4.71 4.3 6.59
1.92 0.9 4.84 22.23
2.45 2.32 4.32 16.18
1.72 2.82 1.89 3.2
2.64 1.88 1.32 5.95
3.12 2.8 1.31 3.31
3.06 3.4 0.66 -1.05
4.76 3.3 3.71 15.37
3.68 3.6 3.79 11.78
3.79 0.55 1.32 12.4
2.82 2.67 3.96 14.2
4.64 2.61 4.74 21.21
1.05 2.82 0.96 -1.97
2.36 3.35 4.12 11.9
1.64 2.42 2.81 7.78
1.35 4.9 1.45 -7.33
3.19 2.69 4.48 16.95
4.19 1.42 2.35 14.34
2.62 2.89 0.93 0.19
1.43 2.65 3.06 7.74
3.45 2.34 3.97 17.33
2.72 0.86 3.88 20.2
1.07 1.17 3.85 15.73
3.6 2.24 2.57 12.1
3.94 0.93 0.94 10.12
3.34 0.92 3.94 21.67
0.61 2.17 3.95 11.99
3.61 3.36 4.87 17.7
1.87 2.23 2.23 7.3
3.9 1.72 1.2 8.59
4.11 1.29 1.54 11.67
3.86 1.19 4.79 24.97
1.06 2.63 2.84 6.61
2.54 4.81 1.55 -3.4
1.7 1.04 3.69 16.26
4.15 3.98 4.21 13.59
2.2 4.95 3.86 4.61
3.46 3.65 2.15 5.01
4.88 2.66 1.74 9.28
3.87 2.67 3.65 15.44
1.51 2.59 3.58 10.91
3.33 2.81 4.61 18.11
0.65 3.37 0.72 -5.79
0.79 2.62 1.27 -0.83
2.4 3.99 4.57 11.23
0.66 4.78 0.82 -10.96
2.55 2.04 4.52 18.06
2.07 2.88 1.44 2.01
4.77 0.94 2.49 18.53
1.39 0.79 3.23 15.55
1.8 1.5 2.5 10.03
2.9 4.85 1.39 -3.88
1.7 3.96 0.67 -6.53
0.56 4.06 2.53 -0.86
4.04 3.34 4.52 17.25
3.02 2.94 4.24 15.28
2.49 2.25 4.18 16.5
3.08 2.72 2.94 10.44
0.9 2.12 4.26 13.38
4.84 4.09 1.71 3.59
3.0 0.6 4.77 25.19
3.93 2.16 3.67 16.82
4.66 2.16 2.34 12.65
2.01 2.15 1.2 2.91
0.81 2.37 1.31 -0.13
3.32 4.89 1.4 -2.84
4.99 4.47 1.89 3.83
1.06 3.15 4.92 13.47
3.82 1.52 1.93 12.17
4.58 1.51 3.8 20.94
0.65 2.38 4.94 15.32
0.78 4.79 4.26 4.43
2.15 2.29 4.29 16.25
2.45 1.96 1.25 5.27
2.32 3.8 4.92 13.43
0.72 1.08 0.68 2.32
2.06 1.18 0.98 5.5
4.33 3.33 0.88 1.73
0.52 3.67 4.08 6.86
3.96 1.05 1.52 12.53
4.2 1.17 2.47 16.35
3.62 1.67 2.96 15.12
4.83 1.41 3.75 22.27
3.68 3.91 4.59 14.42
1.79 4.67 3.47 2.83
3.57 2.27 2.33 10.17
0.82 2.89 4.31 10.76
4.94 4.09 0.66 -0.2
1.7 2.26 4.8 16.74
1.66 3.5 4.73 12.71
1.02 2.19 4.81 15.68
3.68 4.48 2.88 5.45
3.32 2.63 1.63 5.32
1.16 4.66 4.02 4.78
0.73 2.63 2.1 2.2
3.24 1.48 3.6 18.13
2.5 2.56 1.37 3.06
3.27 4.54 1.69 -1.1
2.69 4.72 0.58 -6.91
4.95 0.86 3.87 24.45
3.53 3.19 4.2 15.23
3.68 2.0 1.29 6.97
3.69 4.52 0.7 -4.4
1.54 3.78 3.35 5.85
2.67 4.65 4.81 10.73
0.95 4.38 3.65 3.12
4.92 3.74 1.59 5.26
4.17 1.16 2.88 17.67
1.89 1.43 3.05 12.94
4.09 0.72 4.91 28.14
0.66 3.59 1.06 -5.71
0.69 4.06 2.92 1.15
1.48 2.33 1.41 2.69
4.01 1.38 4.65 23.99
2.36 4.3 1.78 -0.88
4.81 4.19 2.93 9.01
3.59 1.72 1.91 10.97
4.66 0.56 3.09 22.26
0.77 3.08 1.44 -1.66
2.72 0.86 1.77 11.02
1.61 2.26 1.51 2.73
2.87 3.53 1.83 2.13
2.63 1.99 1.33 5.32
4.2 1.32 2.54 16.31
1.41 0.63 4.12 19.18
4.32 1.97 2.54 14.07
4.69 0.95 3.55 22.73
2.27 1.25 2.27 11.65
0.64 1.52 3.9 14.05
1.23 3.46 3.74 7.43
2.65 4.82 2.62 1.4
3.38 2.1 3.74 17.06
3.87 1.49 2.1 13.28
3.32 4.63 3.0 4.99
3.7 3.15 2.89 10.28
4.5 2.04 1.08 8.08
2.78 4.27 4.16 9.25
3.98 0.86 1.26 11.72
4.71 4.93 4.83 14.27
1.59 4.87 2.57 -1.44
2.88 2.92 1.29 2.18
3.48 4.36 3.37 7.09
1.13 3.9 4.13 7.49
2.25 2.59 3.68 12.52
4.44 4.61 4.32 12.34
3.19 3.91 2.87 6.02
1.35 3.33 3.97 9.66
1.6 1.95 2.3 7.16
4.85 1.95 2.09 13.33
1.18 3.49 4.96 12.34
2.14 3.27 3.43 8.84
1.66 3.83 4.1 8.98
1.63 4.22 1.68 -2.88
4.7 4.13 1.19 1.53
2.22 2.01 4.63 17.9
1.64 3.6 3.68 7.69
1.73 2.57 1.4 2.34
3.13 2.2 1.58 6.22
4.19 1.32 3.5 19.8
4.89 0.85 1.61 14.84
2.14 4.82 4.26 6.84
3.78 3.23 4.92 18.5
3.17 4.65 0.74 -4.98
2.57 2.42 1.11 2.76
1.58 1.29 2.63 10.84
0.94 0.68 2.23 10.47
4.82 4.87 1.75 1.74
4.06 2.67 1.64 7.23
2.21 2.88 1.15 1.01
2.62 2.3 2.4 8.91
1.21 2.77 4.08 11.63
1.17 4.28 2.57 -0.55
2.51 1.59 1.66 7.85
4.77 0.91 2.42 17.53
0.59 1.24 3.73 13.83
3.26 4.51 3.96 8.67
3.36 4.78 2.93 3.35
4.61 3.93 1.54 3.69
2.79 2.74 4.97 17.97
3.4 4.65 2.54 2.64
3.21 4.94 1.09 -5.12
2.84 4.69 1.9 -1.52
3.88 1.05 0.97 9.69
4.09 1.09 2.21 15.24
1.55 4.18 4.24 8.03
4.49 3.72 2.48 7.84
4.36 4.01 1.19 0.69
2.23 4.28 4.3 9.48
1.24 1.37 4.28 17.48
0.64 3.83 4.87 9.71
0.81 2.77 2.47 3.63
3.21 3.44 0.85 -0.7
0.99 1.3 2.62 10.15
1.46 0.86 2.54 12.09
3.08 2.6 3.86 14.28
2.75 4.65 1.29 -3.82
4.83 1.48 0.64 8.6
3.95 2.33 4.48 19.71
3.38 2.09 4.01 17.75
1.68 2.6 4.72 15.99
4.6 2.2 4.03 20.28
3.68 3.49 2.18 6.15
1.1 2.49 1.9 2.64
3.75 3.99 4.11 12.3
4.95 3.6 4.12 16.4
1.93 4.18 4.07 8.23
3.67 3.13 4.47 17.07
1.38 2.6 0.53 -2.23
0.65 3.46 0.84 -5.69
3.62 3.17 4.83 17.86
0.87 4.23 4.95 9.54
0.9 1.63 4.9 18.44
3.7 2.72 3.39 14.01
2.97 1.44 1.95 11.03
1.85 2.13 1.49 4.09
3.59 3.9 4.4 13.49
2.8 1.87 1.56 7.2
2.74 2.97 4.62 16.44
2.8 2.58 2.59 9.43
4.87 4.25 4.46 15.43
4.24 3.94 1.0 0.11
4.54 3.22 1.7 6.24
3.1 2.31 4.95 20.01
2.56 1.33 1.15 7.26
4.02 1.81 3.6 18.77
2.82 4.63 4.97 12.21
2.16 1.2 3.6 17.23
4.75 3.88 3.97 13.84
2.17 3.65 0.88 -3.14
1.17 1.89 1.27 2.08
2.69 4.2 1.77 -0.67
0.71 1.3 1.34 3.74
3.36 4.85 0.76 -5.19
2.66 1.02 4.28 21.57
0.82 1.21 4.35 17.59
1.86 1.13 0.61 3.5
2.97 0.9 0.69 6.76
2.82 2.67 2.99 10.62
1.37 3.02 2.33 3.26
0.94 3.41 0.98 -4.34
3.6 1.24 4.17 21.79
1.21 2.11 1.18 1.95
2.96 2.73 3.97 14.62
4.31 2.93 0.5 1.86
3.27 1.38 2.91 15.42
0.54 2.0 4.78 15.82
2.52 1.77 4.65 19.51
4.84 3.05 4.26 18.05
3.54 2.43 3.67 15.61
1.24 2.51 4.93 15.49
3.04 2.49 2.73 10.47
4.47 1.82 2.24 13.66
3.9 4.3 2.42 4.2
1.64 1.88 3.46 12.85
3.64 0.51 0.63 9.47
3.96 2.16 2.73 13.66
2.52 0.51 4.69 24.73
1.04 2.09 2.42 6.2
2.19 1.4 2.25 10.37
3.05 2.47 3.83 15.02
2.64 1.97 2.15 8.47
1.91 1.08 2.88 13.54
3.76 4.86 4.34 10.33
2.96 3.98 1.15 -1.61
3.08 2.02 4.6 20.38
4.88 4.46 3.58 10.9
4.11 4.06 0.84 -0.69
2.73 3.77 2.29 3.25
1.1 3.96 2.5 0.39
4.06 2.3 4.63 21.38
4.65 2.66 1.23 6.25
4.53 3.47 0.88 2.1
3.49 4.73 3.76 7.61
3.7 2.07 1.62 8.1
2.25 1.51 2.44 10.91
1.11 4.85 3.78 3.07
4.21 1.36 2.71 16.14
1.24 2.21 4.61 15.73
3.76 3.19 4.87 18.28
2.5 3.47 0.89 -2.05
3.91 2.68 4.02 16.57
2.3 2.54 1.85 4.58
3.1 1.65 2.26 11.55
4.42 2.0 0.67 5.85
2.83 3.43 2.07 3.66
1.81 1.62 3.03 11.97
3.86 3.52 1.5 2.95
4.43 4.06 3.71 12.11
3.53 1.34 2.64 15.38
1.35 1.48 1.73 6.71
1.05 2.91 2.96 5.57
1.52 3.61 3.12 4.53
2.39 5.0 0.66 -8.26
3.32 3.46 3.89 12.81
3.27 1.22 4.06 21.02
2.58 3.39 2.82 6.99
1.4 1.19 1.09 4.51
4.2 3.04 4.19 17.21
1.33 3.29 4.18 10.69
4.83 0.61 3.76 24.73
1.69 1.19 3.68 16.11
4.25 2.87 2.6 11.2
3.17 3.83 2.8 6.42
2.02 3.43 4.96 14.49
0.61 2.04 1.29 1.26
1.6 1.72 3.0 11.71
1.36 4.35 4.84 8.84
0.53 2.83 4.26 10.51
0.56 2.87 2.08 1.0
2.11 2.0 2.89 10.88
0.85 3.07 2.75 3.78
2.08 3.84 1.41 -2.12
4.58 1.51 2.11 14.09
1.5 4.29 4.2 6.99
0.67 1.27 3.81 14.63
4.81 0.86 3.22 22.01
4.26 3.19 4.67 18.58
4.77 4.87 2.52 4.51
1.63 1.67 3.89 15.06
0.92 3.52 1.56 -2.45
1.32 4.73 1.49 -6.03
2.06 1.07 2.48 11.82
1.48 1.7 3.26 12.35
3.19 1.15 2.16 13.22
1.46 1.4 1.11 4.42
3.44 4.72 2.44 1.68
4.83 4.65 1.57 1.64
1.74 2.32 1.46 3.35
1.5 4.8 4.98 8.33
3.95 0.8 1.44 12.97
3.35 2.57 4.35 17.0
3.21 4.67 1.73 -1.22
4.94 4.31 4.78 16.11
4.19 4.88 1.07 -2.69
4.31 3.1 3.83 15.52
3.75 2.72 4.12 17.08
2.09 1.69 3.18 12.89
3.54 4.6 2.77 4.45
3.3 3.68 3.25 8.76
1.12 0.81 3.43 14.92
1.58 4.14 3.1 3.11
2.11 1.27 3.2 14.42
3.93 1.89 1.85 10.37
4.31 0.67 4.81 27.54
3.81 4.1 1.79 2.03
1.66 1.47 3.56 14.72
2.9 1.88 4.84 21.24
4.74 0.98 4.97 28.32
2.81 2.25 3.92 15.66
4.48 3.87 3.56 11.41
2.08 1.47 3.52 15.25
1.09 4.57 4.35 6.12
1.22 2.35 3.01 8.85
4.99 3.97 2.65 8.69
1.3 2.89 4.85 14.0
2.06 2.12 1.74 5.97
4.06 1.86 0.89 7.3
0.88 1.94 4.24 13.86
3.88 1.94 2.98 15.23
4.13 3.32 2.48 8.46
1.29 1.49 3.67 13.85
4.08 0.52 4.95 28.17
1.06 1.36 0.7 2.29
3.04 2.04 3.23 14.12
4.43 1.15 1.12 10.65
1.58 0.97 3.26 14.95
0.9 1.53 1.59 4.54
4.26 3.71 2.25 6.18
1.14 4.67 0.53 -10.07
3.94 1.34 2.13 13.33
1.75 2.24 1.22 2.68
3.63 2.38 2.39 10.37
0.62 1.73 2.99 8.84
3.83 4.45 3.86 9.72
1.86 4.33 4.24 7.4
2.22 0.92 3.83 18.39
3.11 1.44 2.75 14.53
1.36 3.85 0.62 -7.02
0.79 2.48 2.74 6.25
4.33 0.55 1.68 15.43
4.21 4.72 4.08 10.61
3.67 3.03 1.07 2.79
0.68 2.49 1.64 0.84
1.21 1.34 1.82 6.46
1.25 4.78 2.9 -0.83
4.84 3.03 3.67 16.35
0.56 1.59 3.11 10.52
4.49 3.74 1.71 4.84
4.46 3.04 0.68 2.93
2.09 2.1 2.69 9.78
2.0 2.94 4.4 13.93
4.63 1.9 3.17 17.85
1.53 1.15 0.84 3.68
4.43 4.7 2.99 6.29
3.77 3.32 3.48 11.88
2.59 3.03 3.83 11.71
3.72 2.91 2.44 9.33
3.94 3.34 0.72 0.32
3.0 4.64 3.67 6.86
1.88 4.32 4.77 10.21
1.16 4.24 3.54 4.11
3.02 2.28 1.41 5.68
1.55 2.58 3.45 9.91
2.69 2.22 1.48 5.18
1.79 3.31 2.43 3.37
3.14 1.75 4.98 22.26
3.89 4.73 0.69 -4.64
3.36 1.45 1.52 9.38
4.48 3.57 4.75 17.88
2.45 1.89 1.03 3.64
2.46 4.68 4.73 10.36
0.92 2.79 4.31 12.13
4.05 2.68 0.91 3.73
0.58 0.94 1.05 3.55
4.79 4.21 3.34 10.13
2.11 3.79 1.75 -0.64
1.66 0.56 3.93 19.82
3.0 4.23 3.51 7.56
0.97 2.46 4.7 14.15
3.44 2.95 1.4 4.31
3.48 4.02 3.0 7.03
4.81 4.69 3.84 11.3
4.55 4.0 3.7 12.27
1.75 4.78 1.79 -3.97
3.8 4.71 4.73 12.65
4.2 1.74 2.31 13.98
4.89 4.85 2.49 4.6
1.04 4.02 1.72 -3.58
2.84 3.75 0.82 -2.29
2.7 4.82 2.14 -0.6
4.76 3.65 1.2 2.88
2.52 1.21 4.35 20.44
2.63 3.66 3.12 7.23
2.3 0.7 2.01 12.56
4.62 0.85 3.62 22.72
1.54 0.91 1.37 7.31
2.84 1.65 3.63 16.63
2.32 1.31 0.63 4.69
4.68 2.71 4.86 21.63
3.3 1.27 2.68 15.07
3.91 2.62 2.57 11.07
1.66 3.84 4.14 8.7
3.29 0.8 3.45 19.39
2.65 3.57 1.0 -1.65
3.04 4.09 2.9 5.21
1.32 0.79 4.52 20.11
2.67 2.52 1.05 2.86
3.8 3.01 4.74 18.63
4.52 4.0 4.02 13.64
2.6 1.95 4.87 20.39
2.32 4.23 3.49 6.13
4.62 4.37 4.07 12.99
0.61 2.81 2.72 4.31
3.41 0.54 1.41 11.93
2.51 1.05 4.2 20.14
1.33 1.57 3.2 12.37
2.01 4.17 4.11 8.23
1.91 2.39 3.1 10.09
4.63 0.52 4.4 27.9
1.14 3.83 3.34 4.89
3.22 2.24 3.94 16.72
4.75 2.16 4.16 20.45
0.53 1.44 2.93 10.09
2.97 3.57 1.93 3.06
1.91 1.66 1.56 5.63
4.68 4.85 1.15 -1.52
3.58 3.81 3.18 8.83
2.39 2.99 3.9 12.31
0.51 1.14 0.94 2.46
0.72 0.84 2.6 10.83
3.71 2.53 3.84 16.17
4.48 2.14 3.07 15.81
2.22 3.37 3.46 8.41
4.77 4.89 1.21 -1.11
0.56 4.02 2.4 -1.48
2.71 3.09 2.43 6.47
2.04 4.74 2.24 -1.76
4.57 4.55 1.16 -0.24
4.64 0.98 3.67 22.43
2.12 3.44 0.58 -3.43
2.27 0.82 3.69 18.41
4.33 3.04 2.72 10.86
4.27 1.09 3.92 22.43
2.42 3.94 0.78 -4.05
3.0 1.34 1.84 10.12
1.96 0.81 1.88 10.77
4.84 3.27 1.23 4.47
4.62 3.9 4.01 13.49
1.02 3.63 4.2 8.75
2.96 2.79 3.24 10.96
2.88 0.9 2.47 14.32
3.18 2.42 1.02 3.69
1.6 4.84 1.38 -6.29
2.42 0.61 4.93 25.14
4.61 3.18 3.69 14.77
4.68 3.17 3.6 14.64
3.23 0.71 3.49 19.68
2.19 2.41 0.52 -0.24
2.27 1.91 1.05 3.89
4.25 0.77 3.38 21.25
2.87 1.1 4.1 20.81
0.69 4.17 2.01 -3.25
0.91 1.9 1.75 4.2
1.95 0.97 1.33 7.6
0.86 1.75 3.94 13.36
1.38 2.44 4.76 16.12
2.48 2.72 2.38 7.38
2.88 4.07 0.8 -3.36
1.26 2.14 2.72 7.48
1.91 4.83 0.59 -9.05
4.86 3.64 1.63 5.78
1.89 1.01 0.74 5.23
1.82 1.83 2.19 8.01
4.27 0.7 2.67 19.08
3.84 4.42 3.01 6.19
1.57 1.98 4.1 14.91
0.98 4.97 1.12 -9.52
1.93 1.07 2.51 12.25
4.68 3.34 0.67 1.77
2.46 4.13 4.72 11.55
1.35 4.64 3.25 1.29
0.77 0.6 2.27 10.73
3.43 1.3 3.31 17.92
2.79 3.41 2.1 4.35
0.5 2.55 1.73 1.06
3.54 4.54 0.99 -3.03
0.89 4.18 3.04 1.76
1.61 3.15 0.77 -2.82
3.93 1.22 3.16 18.41
3.25 1.06 1.69 11.32
1.19 1.98 1.53 3.85
1.39 0.56 3.85 18.47
2.96 0.67 2.32 14.81
3.79 1.75 2.59 13.69
0.5 0.73 4.61 19.25
0.75 4.51 2.45 -2.44
0.79 4.44 1.19 -7.93
3.9 4.95 1.33 -2.0
1.75 4.51 2.42 -0.89
0.75 4.82 0.88 -10.3
1.81 0.68 2.13 11.32
0.79 2.13 3.67 10.83
4.31 3.47 1.53 3.98
4.55 0.79 1.8 15.73
3.05 1.98 1.98 8.84
0.56 0.93 1.93 7.45
4.46 3.48 4.71 18.38
3.68 3.5 4.15 14.22
3.53 2.22 3.31 14.34
0.82 2.28 3.0 8.19
4.98 1.87 3.52 19.3
4.7 4.44 4.71 15.45
1.6 3.82 1.53 -2.28
1.76 3.51 4.54 11.49
3.45 1.54 0.83 6.21
2.44 1.41 1.01 6.06
0.92 2.39 1.88 2.8
0.75 4.13 2.78 0.41
3.86 3.94 2.97 7.69
0.83 4.98 0.78 -11.04
1.82 2.94 2.07 3.78
4.76 4.73 1.86 2.65
2.37 1.62 3.17 13.41
3.8 4.78 2.21 1.95
3.3 2.07 1.4 7.13
2.96 1.57 0.75 5.01
1.61 3.47 4.01 9.77
0.72 3.7 1.64 -2.69
3.43 3.53 1.77 3.68
0.77 1.63 3.42 11.76
4.83 2.05 4.35 22.68
4.0 3.5 1.16 2.4
2.26 2.65 3.36 11.06
2.65 3.39 3.91 11.34
0.84 1.65 4.23 14.9
0.9 3.27 0.63 -5.28
1.89 0.72 1.98 10.64
2.52 1.08 3.96 19.49
0.93 4.39 1.81 -4.76
0.53 3.88 3.36 3.01
3.24 4.6 4.12 8.99
2.55 2.99 1.63 3.25
1.93 3.32 1.92 1.82
0.79 1.86 2.28 6.35
1.81 0.76 3.1 15.23
4.18 3.18 1.91 7.09
1.84 4.71 4.3 6.59
1.92 0.9 4.84 22.23
2.45 2.32 4.32 16.18
1.72 2.82 1.89 3.2
2.64 1.88 1.32 5.95
3.12 2.8 1.31 3.31
3.06 3.4 0.66 -1.05
4.76 3.3 3.71 15.37
3.68 3.6 3.79 11.78
3.79 0.55 1.32 12.4
2.82 2.67 3.96 14.2
4.64 2.61 4.74 21.21
1.05 2.82 0.96 -1.97
2.36 3.35 4.12 11.9
1.64 2.42 2.81 7.78
1.35 4.9 1.45 -7.33
3.19 2.69 4.48 16.95
4.19 1.42 2.35 14.34
2.62 2.89 0.93 0.19
1.43 2.65 3.06 7.74
3.45 2.34 3.97 17.33
2.72 0.86 3.88 20.2
1.07 1.17 3.85 15.73
3.6 2.24 2.57 12.1
3.94 0.93 0.94 10.12
3.34 0.92 3.94 21.67
0.61 2.17 3.95 11.99
3.61 3.36 4.87 17.7
1.87 2.23 2.23 7.3
3.9 1.72 1.2 8.59
4.11 1.29 1.54 11.67
3.86 1.19 4.79 24.97
1.06 2.63 2.84 6.61
2.54 4.81 1.55 -3.4
1.7 1.04 3.69 16.26
4.15 3.98 4.21 13.59
2.2 4.95 3.86 4.61
3.46 3.65 2.15 5.01
4.88 2.66 1.74 9.28
3.87 2.67 3.65 15.44
1.51 2.59 3.58 10.91
3.33 2.81 4.61 18.11
0.65 3.37 0.72 -5.79
0.79 2.62 1.27 -0.83
2.4 3.99 4.57 11.23
0.66 4.78 0.82 -10.96
2.55 2.04 4.52 18.06
2.07 2.88 1.44 2.01
4.77 0.94 2.49 18.53
1.39 0.79 3.23 15.55
1.8 1.5 2.5 10.03
2.9 4.85 1.39 -3.88
1.7 3.96 0.67 -6.53
0.56 4.06 2.53 -0.86
4.04 3.34 4.52 17.25
3.02 2.94 4.24 15.28
2.49 2.25 4.18 16.5
3.08 2.72 2.94 10.44
0.9 2.12 4.26 13.38
4.84 4.09 1.71 3.59
3.0 0.6 4.77 25.19
3.93 2.16 3.67 16.82
4.66 2.16 2.34 12.65
2.01 2.15 1.2 2.91
0.81 2.37 1.31 -0.13
3.32 4.89 1.4 -2.84
4.99 4.47 1.89 3.83
1.06 3.15 4.92 13.47
3.82 1.52 1.93 12.17
4.58 1.51 3.8 20.94
0.65 2.38 4.94 15.32
0.78 4.79 4.26 4.43
2.15 2.29 4.29 16.25
2.45 1.96 1.25 5.27
2.32 3.8 4.92 13.43
0.72 1.08 0.68 2.32
2.06 1.18 0.98 5.5
4.33 3.33 0.88 1.73
0.52 3.67 4.08 6.86
3.96 1.05 1.52 12.53
4.2 1.17 2.47 16.35
3.62 1.67 2.96 15.12
4.83 1.41 3.75 22.27
3.68 3.91 4.59 14.42
1.79 4.67 3.47 2.83
3.57 2.27 2.33 10.17
0.82 2.89 4.31 10.76
4.94 4.09 0.66 -0.2
1.7 2.26 4.8 16.74
1.66 3.5 4.73 12.71
1.02 2.19 4.81 15.68
3.68 4.48 2.88 5.45
3.32 2.63 1.63 5.32
1.16 4.66 4.02 4.78
0.73 2.63 2.1 2.2
3.24 1.48 3.6 18.13
2.5 2.56 1.37 3.06
3.27 4.54 1.69 -1.1
2.69 4.72 0.58 -6.91
4.95 0.86 3.87 24.45
3.53 3.19 4.2 15.23
3.68 2.0 1.29 6.97
3.69 4.52 0.7 -4.4
1.54 3.78 3.35 5.85
2.67 4.65 4.81 10.73
0.95 4.38 3.65 3.12
4.92 3.74 1.59 5.26
4.17 1.16 2.88 17.67
1.89 1.43 3.05 12.94
4.09 0.72 4.91 28.14
0.66 3.59 1.06 -5.71
0.69 4.06 2.92 1.15
1.48 2.33 1.41 2.69
4.01 1.38 4.65 23.99
2.36 4.3 1.78 -0.88
4.81 4.19 2.93 9.01
3.59 1.72 1.91 10.97
4.66 0.56 3.09 22.26
0.77 3.08 1.44 -1.66
2.72 0.86 1.77 11.02
1.61 2.26 1.51 2.73
2.87 3.53 1.83 2.13
2.63 1.99 1.33 5.32
4.2 1.32 2.54 16.31
1.41 0.63 4.12 19.18
4.32 1.97 2.54 14.07
4.69 0.95 3.55 22.73
2.27 1.25 2.27 11.65
0.64 1.52 3.9 14.05
1.23 3.46 3.74 7.43
2.65 4.82 2.62 1.4
3.38 2.1 3.74 17.06
3.87 1.49 2.1 13.28
3.32 4.63 3.0 4.99
3.7 3.15 2.89 10.28
4.5 2.04 1.08 8.08
2.78 4.27 4.16 9.25
3.98 0.86 1.26 11.72
4.71 4.93 4.83 14.27
1.59 4.87 2.57 -1.44
2.88 2.92 1.29 2.18
3.48 4.36 3.37 7.09
1.13 3.9 4.13 7.49
2.25 2.59 3.68 12.52
4.44 4.61 4.32 12.34
3.19 3.91 2.87 6.02
1.35 3.33 3.97 9.66
1.6 1.95 2.3 7.16
4.85 1.95 2.09 13.33
1.18 3.49 4.96 12.34
2.14 3.27 3.43 8.84
1.66 3.83 4.1 8.98
1.63 4.22 1.68 -2.88
4.7 4.13 1.19 1.53
2.22 2.01 4.63 17.9
1.64 3.6 3.68 7.69
1.73 2.57 1.4 2.34
3.13 2.2 1.58 6.22
4.19 1.32 3.5 19.8
4.89 0.85 1.61 14.84
2.14 4.82 4.26 6.84
3.78 3.23 4.92 18.5
3.17 4.65 0.74 -4.98
2.57 2.42 1.11 2.76
1.58 1.29 2.63 10.84
0.94 0.68 2.23 10.47
4.82 4.87 1.75 1.74
4.06 2.67 1.64 7.23
2.21 2.88 1.15 1.01
2.62 2.3 2.4 8.91
1.21 2.77 4.08 11.63
1.17 4.28 2.57 -0.55
2.51 1.59 1.66 7.85
4.77 0.91 2.42 17.53
0.59 1.24 3.73 13.83
3.26 4.51 3.96 8.67
3.36 4.78 2.93 3.35
4.61 3.93 1.54 3.69
2.79 2.74 4.97 17.97
3.4 4.65 2.54 2.64
3.21 4.94 1.09 -5.12
2.84 4.69 1.9 -1.52
3.88 1.05 0.97 9.69
4.09 1.09 2.21 15.24
1.55 4.18 4.24 8.03
4.49 3.72 2.48 7.84
4.36 4.01 1.19 0.69
2.23 4.28 4.3 9.48
1.24 1.37 4.28 17.48
0.64 3.83 4.87 9.71
0.81 2.77 2.47 3.63
3.21 3.44 0.85 -0.7
0.99 1.3 2.62 10.15
1.46 0.86 2.54 12.09
3.08 2.6 3.86 14.28
2.75 4.65 1.29 -3.82
4.83 1.48 0.64 8.6
3.95 2.33 4.48 19.71
3.38 2.09 4.01 17.75
1.68 2.6 4.72 15.99
4.6 2.2 4.03 20.28
3.68 3.49 2.18 6.15
1.1 2.49 1.9 2.64
3.75 3.99 4.11 12.3
4.95 3.6 4.12 16.4
1.93 4.18 4.07 8.23
3.67 3.13 4.47 17.07
1.38 2.6 0.53 -2.23
0.65 3.46 0.84 -5.69
3.62 3.17 4.83 17.86
0.87 4.23 4.95 9.54
0.9 1.63 4.9 18.44
3.7 2.72 3.39 14.01
2.97 1.44 1.95 11.03
1.85 2.13 1.49 4.09
3.59 3.9 4.4 13.49
2.8 1.87 1.56 7.2
2.74 2.97 4.62 16.44
2.8 2.58 2.59 9.43
4.87 4.25 4.46 15.43
4.24 3.94 1.0 0.11
4.54 3.22 1.7 6.24
3.1 2.31 4.95 20.01
2.56 1.33 1.15 7.26
4.02 1.81 3.6 18.77
2.82 4.63 4.97 12.21
2.16 1.2 3.6 17.23
4.75 3.88 3.97 13.84
2.17 3.65 0.88 -3.14
1.17 1.89 1.27 2.08
2.69 4.2 1.77 -0.67
0.71 1.3 1.34 3.74
3.36 4.85 0.76 -5.19
2.66 1.02 4.28 21.57
0.82 1.21 4.35 17.59
1.86 1.13 0.61 3.5
2.97 0.9 0.69 6.76
2.82 2.67 2.99 10.62
1.37 3.02 2.33 3.26
0.94 3.41 0.98 -4.34
3.6 1.24 4.17 21.79
1.21 2.11 1.18 1.95
2.96 2.73 3.97 14.62
4.31 2.93 0.5 1.86
3.27 1.38 2.91 15.42
0.54 2.0 4.78 15.82
2.52 1.77 4.65 19.51
4.84 3.05 4.26 18.05
3.54 2.43 3.67 15.61
1.24 2.51 4.93 15.49
3.04 2.49 2.73 10.47
4.47 1.82 2.24 13.66
3.9 4.3 2.42 4.2
1.64 1.88 3.46 12.85
3.64 0.51 0.63 9.47
3.96 2.16 2.73 13.66
2.52 0.51 4.69 24.73
1.04 2.09 2.42 6.2
2.19 1.4 2.25 10.37
3.05 2.47 3.83 15.02
2.64 1.97 2.15 8.47
1.91 1.08 2.88 13.54
3.76 4.86 4.34 10.33
2.96 3.98 1.15 -1.61
3.08 2.02 4.6 20.38
4.88 4.46 3.58 10.9
4.11 4.06 0.84 -0.69
2.73 3.77 2.29 3.25
1.1 3.96 2.5 0.39
4.06 2.3 4.63 21.38
4.65 2.66 1.23 6.25
4.53 3.47 0.88 2.1
3.49 4.73 3.76 7.61
3.7 2.07 1.62 8.1
2.25 1.51 2.44 10.91
1.11 4.85 3.78 3.07
4.21 1.36 2.71 16.14
1.24 2.21 4.61 15.73
3.76 3.19 4.87 18.28
2.5 3.47 0.89 -2.05
3.91 2.68 4.02 16.57
2.3 2.54 1.85 4.58
3.1 1.65 2.26 11.55
4.42 2.0 0.67 5.85
2.83 3.43 2.07 3.66
1.81 1.62 3.03 11.97
3.86 3.52 1.5 2.95
4.43 4.06 3.71 12.11
3.53 1.34 2.64 15.38
1.35 1.48 1.73 6.71
1.05 2.91 2.96 5.57
1.52 3.61 3.12 4.53
2.39 5.0 0.66 -8.26
3.32 3.46 3.89 12.81
3.27 1.22 4.06 21.02
2.58 3.39 2.82 6.99
1.4 1.19 1.09 4.51
4.2 3.04 4.19 17.21
1.33 3.29 4.18 10.69
4.83 0.61 3.76 24.73
1.69 1.19 3.68 16.11
4.25 2.87 2.6 11.2
3.17 3.83 2.8 6.42
2.02 3.43 4.96 14.49
0.61 2.04 1.29 1.26
1.6 1.72 3.0 11.71
1.36 4.35 4.84 8.84
0.53 2.83 4.26 10.51
0.56 2.87 2.08 1.0
2.11 2.0 2.89 10.88
0.85 3.07 2.75 3.78
2.08 3.84 1.41 -2.12
4.58 1.51 2.11 14.09
1.5 4.29 4.2 6.99
0.67 1.27 3.81 14.63
4.81 0.86 3.22 22.01
4.26 3.19 4.67 18.58
4.77 4.87 2.52 4.51
1.63 1.67 3.89 15.06
0.92 3.52 1.56 -2.45
1.32 4.73 1.49 -6.03
2.06 1.07 2.48 11.82
1.48 1.7 3.26 12.35
3.91 0.74 3.18 20.0
3.62 3.11 4.74 17.57
4.28 2.31 4.82 21.87
4.63 2.56 1.42 7.43
3.17 2.67 3.94 14.77
4.2 1.86 2.98 15.68
1.4 4.47 2.5 -0.64
3.35 2.74 0.6 1.08
3.92 4.82 2.68 4.0
3.18 2.06 2.44 10.46
4.61 4.87 1.89 1.22
3.08 3.35 3.67 11.59
1.02 1.56 0.57 0.71
3.46 4.19 1.25 -1.2
4.56 1.6 1.56 11.21
1.63 2.04 2.37 7.69
2.62 2.04 3.11 13.05
1.1 3.58 2.85 3.21
0.84 2.32 2.68 6.09
3.86 2.24 1.63 8.53
2.16 2.99 2.61 5.83
1.71 3.22 2.25 3.23
3.01 4.4 4.99 12.96
0.9 1.82 4.2 14.69
4.59 1.97 3.78 19.96
0.74 2.75 0.58 -4.51
4.5 4.25 2.55 6.81
4.49 3.57 3.73 13.89
1.89 3.61 2.44 2.44
2.94 4.15 4.82 12.8
2.45 0.94 2.63 14.4
2.11 3.29 1.65 1.3
0.68 4.8 4.31 3.88
2.72 3.48 3.47 9.45
4.24 2.65 2.25 10.44
4.36 4.9 3.15 5.96
1.98 1.01 0.92 5.44
4.05 1.98 1.53 8.76
1.62 0.89 4.98 22.34
1.12 4.49 1.83 -3.82
1.85 4.97 4.79 7.58
2.22 1.93 0.8 2.42
3.2 2.7 4.89 18.98
3.34 1.36 2.15 12.39
2.08 3.64 2.01 1.11
2.8 4.72 2.73 2.25
3.49 1.81 1.18 6.89
1.39 3.02 4.5 12.58
3.04 1.67 4.11 19.01
1.81 3.69 4.99 13.48
1.25 2.1 1.2 1.77
2.16 1.8 2.22 8.86
1.19 3.81 0.62 -7.33
1.9 1.48 3.4 14.75
1.24 4.75 1.4 -6.32
1.37 3.56 2.5 2.42
1.81 4.33 3.15 2.83
1.67 3.13 2.97 5.88
3.25 3.67 1.41 0.92
2.43 2.21 1.69 6.17
3.95 1.99 1.8 10.41
1.79 1.52 2.43 9.82
2.87 2.54 3.64 13.78
2.04 2.96 4.94 16.11
0.55 2.23 4.45 13.94
2.94 3.09 2.03 4.95
0.89 0.78 4.83 20.55
2.47 2.57 1.91 5.82
3.65 1.64 4.63 22.38
0.52 4.7 1.7 -7.11
2.34 4.4 4.88 11.35
3.82 0.69 2.97 19.63
4.33 0.57 1.71 15.71
0.62 1.99 2.16 4.48
1.78 0.92 2.05 10.0
0.79 2.64 4.54 13.13
3.47 0.98 0.81 8.23
2.95 1.41 3.44 16.87
1.36 1.96 3.84 13.71
3.38 1.3 3.31 17.25
4.62 0.67 2.4 18.95
4.79 1.4 2.45 16.74
1.14 3.58 3.73 6.48
3.54 3.18 1.87 5.27
0.88 0.53 4.69 20.98
4.41 2.28 0.95 5.88
3.44 4.08 0.93 -2.29
1.01 4.09 3.53 4.17
3.07 4.51 3.52 6.3
4.65 3.39 0.84 2.72
1.61 1.26 2.09 9.03
3.73 1.17 0.51 6.59
1.61 4.62 2.49 -0.94
2.75 0.92 2.08 12.71
1.08 2.52 1.17 -0.46
0.95 3.0 1.7 -0.21
4.21 3.4 2.7 9.3
2.16 2.29 4.36 16.26
2.8 2.74 4.69 16.86
1.54 4.27 2.72 1.47
4.92 1.63 2.87 17.22
5.0 1.46 1.49 12.8
0.59 2.41 4.2 11.99
4.53 2.57 2.77 13.54
3.5 1.56 1.98 11.55
3.79 4.52 1.3 -1.51
1.21 2.21 3.59 11.26
2.45 0.88 3.19 16.3
0.95 2.81 4.98 14.55
4.32 3.56 1.61 4.2
4.13 4.0 1.3 1.52
1.97 2.1 3.11 11.36
2.2 3.43 1.29 -0.92
4.12 2.29 1.78 9.13
4.67 4.59 2.17 3.5
1.59 0.97 4.02 17.97
3.82 1.79 0.64 5.67
4.36 3.83 4.81 17.25
1.15 3.82 3.38 5.05
3.9 2.47 3.76 16.4
1.59 2.16 3.51 11.57
0.77 2.15 4.97 15.98
2.07 4.37 4.18 7.93
0.73 0.93 3.43 13.74
4.22 4.77 3.51 8.18
4.77 4.09 2.26 6.35
3.63 4.2 3.91 10.55
1.79 4.03 0.61 -6.71
2.0 4.5 3.08 3.11
3.47 2.36 2.82 11.96
4.55 1.11 0.78 9.75
1.34 4.66 1.95 -4.17
0.88 2.21 4.59 15.17
2.97 4.67 3.17 4.6
0.92 3.89 4.98 10.51
1.76 1.59 2.46 9.3
1.4 2.28 2.58 7.2
2.74 3.5 2.97 7.26
2.73 3.03 3.78 12.15
4.49 1.57 2.83 17.21
1.5 0.84 4.24 18.91
3.38 1.79 3.04 14.43
4.36 1.22 0.79 9.48
3.17 2.84 2.86 9.46
0.71 1.21 3.82 15.04
1.22 3.22 2.98 4.98
4.77 3.17 0.65 2.33
0.59 4.26 2.78 -0.39
4.97 2.99 4.43 19.87
2.8 0.83 0.54 6.56
4.37 3.99 0.85 0.02
4.7 4.57 3.9 11.36
0.59 1.64 1.8 4.31
4.81 4.29 2.39 5.77
4.29 3.13 1.01 3.37
1.15 1.47 3.53 13.74
3.68 1.49 3.8 19.81
2.45 3.25 4.21 12.38
3.58 2.09 2.31 10.64
0.52 1.7 3.24 9.97
1.73 3.56 1.12 -2.91
3.36 3.5 4.0 12.54
3.06 4.24 4.95 13.72
3.52 3.82 1.61 1.77
3.57 4.6 2.49 3.48
4.39 4.37 0.81 -2.09
2.44 3.68 2.55 4.09
1.64 2.73 2.89 7.49
2.23 0.69 1.11 8.31
1.56 3.41 3.11 6.14
0.77 2.16 1.86 3.41
4.57 4.99 1.9 1.39
1.39 2.21 4.34 15.0
4.2 4.61 2.09 2.68
2.12 4.06 1.25 -2.74
4.04 1.18 1.88 13.37
3.85 3.2 4.74 17.48
2.95 4.4 4.05 9.0
2.9 1.83 4.35 19.23
2.56 0.71 3.99 21.31
4.79 4.35 1.45 2.36
1.83 1.59 4.48 18.81
1.54 1.66 4.23 16.09
2.07 3.84 4.04 9.07
0.71 3.42 3.53 5.79
0.81 1.01 0.74 2.4
4.54 4.95 2.01 1.92
2.71 0.57 1.32 10.52
1.1 3.57 3.57 6.58
0.83 1.83 1.24 1.48
1.63 0.8 1.28 7.8
4.2 3.38 4.42 16.98
3.36 2.09 1.28 5.79
2.69 1.1 4.47 21.67
0.77 1.46 1.85 5.59
1.9 2.41 3.64 12.1
